9
b
11111111111111111111111111111111111111111111111111111111111111111111111111111111111111111111111111111111111111111111111111111111
11111111111111111111111111111111111111111111111111111111111111111111111111111111111111111111111111111111111111111111111111111111
11111111111111111111111111111111111111111111111111111111111111111111111111111111111111111111111111111111111111111111111111111111
11111111111111111111111111111111111111111111111111111111111111111111111111111111111111111111111111111111111111111111111111111111
11111111111111111111111111111111111111111111111111111111111111111111111111111111111111111111111111111111111111111111111111111111
11111111111111111111111111111111111111111111111111111111111111111111111111111111111111111111111111111111111111111111111111111111
11111111111111111111111111111111111111111111111111111111111111111111111111111111111111111111111111111111111111111111111111111111
11111101111111111111111111111111111111111111111111111111111111111111111111111111111111111111111111111111111111111111111111111111
11110000001111111111111111111111111111111111111110000011111111111111111111111111111111111111111111111111111111111111111111111111
11100000000111111111111111111111111111111111111000000001111111111111111111111111111111111111111111111111111111111111111111111111
11000000000001111111111111111111111111111111110000000001111111111111111111111111111111111111111111111111111111111111111111111111
11000000000001111111111111111111111111111111100000000000111111111111111111111111111111111111111111111111111111111111111111111111
10000000000000111111111111111111111111111111000000000000111111111111111111111111111111111111111111111111111111111111111111111111
10000000000000011111111111111111111111111110000000000000011111111111111111111111111111111111111111111111111111111111111111111111
10000000000000001111111111111111111111111100000000000000011111111111111111111111111111111111111111111111111111111111111111111111
10000000000000000111111111111111111111111000000000000000011111111111111111111111111111111111111111111111111111111111111111111111
10000000000000000111111111111111111111110000000000000000011111111111111111111111111111111111111111111111111111111111111111111111
10000000000000000011111111111111111111100000000000000000011111111111111111111111111111111111111111111111111111111111111111111111
10000000000000000001111111111111111111000001000000000000011111111111111111111111111111111111111111111111111111111111111111111111
10000000000000000000111111111111111110000011000000000000011111111111111111111111111111111111111111111111111111111111111111111111
10000000000000010000111111111111111110000110000000000000011111111111111111111111111111111111111111111111111111111111111111111111
10000000000111111000011111111111111100000110000000000000011111111111111111111111111111111111111111111111111111111111111111111111
10000000000011111000001111111111100000001111100000000000011111111111111111111111111111111111111111111111111111111111111111111111
10000000000101111000000000000000000000001111000000000000011111111111111111111111111111111111111111111111111111111111111111111111
10000000000110110000000000000000000000000111000000000000011111111111111111111111111111111111111111111111111111111111111111111111
10000000000110110000000000000000000000000110000000000100011111111111111111111111111111111111111111111111111111111111111111111111
10001000001110110000000000000000000000000110100000000100111111111111111111111111111111111111111111111111111111111111111111111111
10001000011110110000000000000000000000000110110000001100111111111111111111111111111111111111111111111111111111111111111111111111
11001111001110000000000000000000000000000101111101111100111111111111111111111111111111111111111111111111111111111111111111111111
11001111100000000000000000000000000000000001111011111000111111111111111111111111111111111111111111111111111111111111111111111111
11000111110000000000000000000011100000000000110111111001111111111111111111111111111111111111111111111111111111111111111111111111
11000111110000000000111000000111100000000000000111111001111111111111111111111111111111111111111111111111111111111111111111111111
11100111100000000001111000000111110000000000000111110001111111111111111111111111111111111111111111111111111111111111111111111111
11100111100000000000111000000111100000000000000111110011111111111111111111111111111111111111111111111111111111111111111111111111
11100011100000000000011000000111000000000000000011110011111111111111111111111111111111111111111111111111111111111111111111111111
11110011100000000000000000000010000000000000000001110011111111111111111111111111111111111111111111111111111111111111111111111111
11110001000000000000000000000000000000000000000000100111111111111111111111111111111111111111111111111111111111111111111111111111
11111000000000000000000000000000000000000000000000000111111111111111111111111111111111111111111111111111111111111111111111111111
11111100000000000000000000000000000000000000000000001111111111111111111111111111111111111111111111111111111111111111111111111111
11111100000000000000000000000000000000000000000000001111111111111111111111111111111111111111111111111111111111111111111111111111
11111110000000000000011000000000000000000000000000001111111111111111111111111111111111111111111111111111111111111111111111111111
11111110000011000000110001101100000000000011000000001111111111111111111111111111111111111111111111111111111111111111111111111111
11111111000111000001110111111110000000000011100000011111111111111111111111111111111111111111111111111111111111111111111111111111
11111111000111000011111111111111100000000011110000001111111111111111111111111111111111111111111111111111111111111111111111111111
11111111000111001111110000011111111111111111110000001111111111111111111111111111111111111111111111111111111111111111111111111111
11111111001111101111101000001111111111110111111000001111111111111111111111111111111111111111111111111111111111111111111111111111
11111111001111011111000000000111111111110111111000000111111111111111111111111111111111111111111111111111111111111111111111111111
11111110001110111111000000000111111111111011111000000111111111111111111111111110000000011111111111111111111111111111111111111111
11111110001110111111000000001111111111111011111000000011111111111111100000000000000000000000001111111111111111111111111111111111
11111100000111111111000000001111111110111011110000000011111111110000000000000000000000000000000000000000111111111111111111111111
11111100000111111111100000111111111000111111110000000000001100000000000000000000000000000000000000000000001111111111111111111111
11111100000111111111111001111111110000111111110000000000000000000000000000000000000000000000000000000000000011111111111111111111
11111100000011111011111000111111000000111111110000000000000000000000000000000000000000000000000000000000000001111111111111111111
11111000000111111100000110000000000001111111110000000000000000000000000000000000000000000000000000000000000000011111111111111111
11111000000011111100001111011101000011111111110000000000000000000000000000000000000000000000000000000000000000001111111111111111
11111000000011111010001110111100000111111111110000000000000000000000000000000000000000000000000000000000000000000111111111111111
11111000000011111011011110111100001111111111110000000000000000000000000000000000000000000000000000000000000000000001111111111111
11111100000011111101011110111100011101111111100000000000000000000000000000000000000000000000000000000000000000000000111111111111
11111100000001111100111111111100111011111111100000000000000000000000000000000000000000000000000000000000000000000000011111111111
11111100000001111111011111111001100111111111000000000000000000000000000000000000000000000000000000000000000000000000001111111111
11111100000000111111011111111001011111111110000000000000000000000000000000000000000000000000000000000000000000000000000111111111
11111110000000111111100111100010111111111110000000000000000000000000000000000000000000000000000000000000000000000000000111111111
11111110000000011111100000000101111111111100000000000000000000000000000000000000000000000000000000000000000000000000000011111111
11111111000000011111110111110011111111111100000000000000000000000000000000000000000000000000000000000000000000000000000011111111
11111111000000001111111100001111111111111110000000000000000000000000000000000000000000000000000000000000000000000000000001111111
11111110000000001111111111111111111111111111000000000000000000000000000000000000000000000000000000000000000000000000000000111111
11111110000001111111111111111111111111111111000000000000000000000000000000000000000000000000000000000000000000000000000000111111
11111110000001111111111111111111111111111100000000000000000000000000000000000000000000000000000000000000000000000000000000011111
11111110000000111111111111111111111111111000000000000000000000000000000000000000000000000000000000000000000000000000000000011111
11111110000000111111111111111111111111111000000000000000000000000000000000000000000000000000000000000000000000000000000000001111
11111110000000011111111111111111111111100000000000000000000000000000000000000000000000000000000000000000000000000000000000001111
11111110000000001111111111111111111111000000000000000000000000000000000000000000000000000000000000000000000000000000000000000111
11111110000000011111111111111111111111100000000000000000000000000000000000000000000000000000000000000000000000000000000000000111
11111111000000001111111111111111111111100000000000000000000000000000000000000000000000000000000000000000000000000000000000000011
11111111000000000111111111111111111111000000000000000000000000000000000000000000000000000000000000000000000000000000000000000011
11111111000000000111111111111111111110000000000000000000000000000000000000000000000000000000000000000000000000000000000000000011
11111111000000000111111111111111111110000000000000000000000000000000000000000000000000000000000000000000000000000000000000000011
11111111100000000011111111111111111111000000000000000000000000000000000000000000000000000000000000000000000000000000000000000011
